1 -0.135380 0.242444 0.114091 0.479621 -0.271789 -0.211654 0.964516 -0.340428 0.197551 0.092634 0.459522 0.056617 -0.426374 0.295346 0.779752 -0.534754 -0.643467 -0.445465 0.064081 0.325028 -0.215323 0.137476 0.426673 3.967592 -0.197900 -0.299530 -0.318820 0.025158 0.194375 -0.171626 -0.747547 -0.088386 0.661697 0.000303 -0.093607 0.199395 0.010294 0.405034 0.241413 0.325863 -0.044011 -0.013891 -0.326310 0.048959 0.294048 0.366241 -0.587923 -0.404943 -0.201126 0.676835
4 0.026691 -0.406129 0.443043 0.881185 0.676224 -0.421830 0.193838 0.071262 0.451163 -0.395126 0.174937 -0.442853 0.307917 -0.186586 0.476220 -0.152883 -0.486023 0.406372 -0.213248 0.110147 -0.173401 0.238699 -0.333265 3.306025 0.489095 -0.147148 -1.869155 0.641783 0.414188 -0.211928 -0.175733 0.241907 -0.790010 0.234301 0.354248 0.350232 -0.269687 -0.492007 0.000591 -0.245919 -0.130159 -0.192648 -0.291304 0.618632 0.586935 -0.166902 -0.632755 0.149882 -0.040542 -0.440349
12 0.203377 -0.106172 -0.080562 1.289829 0.800659 -0.048078 0.968648 0.376462 0.373075 0.294747 0.163547 0.118014 0.162096 0.154038 1.133330 -1.088735 -0.512795 -0.334111 0.278328 0.359488 -0.137760 0.468341 -0.073033 3.556251 0.399667 -0.261605 -0.562266 0.674868 -0.258636 -0.515677 -0.792665 0.479657 0.108006 -0.143206 -0.365546 0.047976 0.044212 0.561286 0.805644 0.096668 0.026912 -0.186017 -0.439257 -0.033515 0.286516 0.911262 -0.932490 -0.170050 -0.112650 0.512480
8 0.049921 -0.378748 0.372985 0.913292 0.496072 -0.183237 0.324975 0.036763 0.471137 -0.451098 0.404610 -0.511654 0.347446 -0.114349 0.372259 -0.088990 -0.235160 0.197768 -0.161797 0.214633 -0.259114 0.048613 -0.246708 3.224738 0.562979 0.102692 -1.978780 0.700681 0.496720 -0.201481 -0.146287 0.262188 -0.889957 -0.114505 0.282152 0.309357 -0.298246 -0.321395 0.010255 -0.300802 -0.074123 -0.142404 -0.304648 0.642052 0.701680 -0.140021 -0.849619 0.231386 -0.282030 -0.713519
9 -0.113535 -0.328723 -0.166414 0.364215 0.227938 -1.137248 1.134950 -0.621054 0.097338 -0.037718 -0.397294 0.604171 -0.396817 0.039344 0.704022 -0.053903 -0.439018 -0.050667 -0.237190 0.132582 0.285725 0.678854 -0.185665 3.987551 0.152503 -0.960135 -0.402308 0.329959 0.210967 -0.404830 0.225528 0.604636 -0.235699 0.083894 -0.137318 -0.172582 0.041755 -0.006293 0.290997 0.814965 -0.375815 -0.440221 0.376883 -0.078125 -0.097230 0.512752 -0.441375 -0.119899 0.508565 -0.000546
6 0.186296 -0.390931 0.434550 0.982006 0.617813 -0.139640 0.314995 0.093508 0.442568 -0.393297 0.347544 -0.464379 0.315718 -0.063477 0.397514 -0.130698 -0.315457 0.196960 -0.135279 0.156179 -0.250116 0.077549 -0.288198 3.274128 0.584804 0.078720 -1.941320 0.673057 0.427406 -0.191719 -0.206726 0.224523 -0.780009 0.014995 0.387669 0.366964 -0.307325 -0.459772 0.007318 -0.263437 0.048437 -0.086396 -0.291345 0.664894 0.662216 -0.192159 -0.914657 0.112378 -0.276366 -0.669487
22 0.919423 0.355714 -0.374774 0.156762 -0.246750 -0.065310 1.826277 0.356016 0.895608 -0.574353 0.034786 0.106599 -0.070357 -0.004482 0.181425 -0.015979 0.018434 -0.164651 0.281602 -0.103654 -0.297558 -0.003708 0.762872 3.903653 0.148217 0.064073 0.251604 -0.274246 -0.265621 0.244587 -0.338299 0.079934 -0.080082 -0.313695 0.653614 0.627522 0.403641 0.338980 -0.121964 -0.073576 0.440119 0.245005 0.158085 -0.175650 -0.409041 -0.097780 -0.369044 0.325972 -0.313290 -0.296756
14 0.631475 -0.121354 -0.629881 -0.013039 -0.556088 -0.318957 1.670988 0.112277 0.893840 -0.763752 -0.352248 0.145037 -0.222664 -0.286732 0.063334 0.229797 0.386350 0.013342 -0.013540 0.191896 0.095214 0.142246 0.718306 3.893440 0.322997 -0.152936 -0.179816 0.083232 0.135677 0.088147 -0.265862 0.428856 -0.583481 -0.333927 0.735398 0.378857 0.182531 0.308042 0.050592 0.659447 0.025081 0.465873 0.259571 -0.261895 -0.379119 -0.546527 0.084635 0.395982 -0.073846 -0.432794
2 -0.164581 -0.013631 -0.213204 0.622230 -0.167097 -0.233219 1.519762 -1.050089 -0.719389 0.159224 0.029493 0.287722 -0.011958 -0.177308 0.240620 -0.745897 -0.552424 0.224786 -0.046212 -0.103174 0.094010 0.406312 0.730365 4.036165 -0.047792 -0.472758 0.076940 -0.245273 0.785726 -0.377365 0.311235 0.405655 0.331356 0.630856 -0.206676 0.463220 0.423202 -0.132643 -0.096951 0.625360 -0.411717 0.514566 -0.159818 -0.186200 -0.269507 0.361758 -0.021553 0.180048 0.158630 0.630876
15 0.015935 -0.250671 -0.232069 0.388267 -0.446645 -0.864106 0.960594 -0.428442 0.093841 0.627128 -0.273112 0.105748 0.496647 -0.138764 0.098141 0.165545 -0.122902 -0.158779 -0.270586 1.041835 0.049657 0.234454 -0.130227 3.801013 0.036543 -0.487918 -0.435274 0.469883 0.523655 -0.004875 0.356818 0.068509 -0.401699 -0.073355 -0.321639 -0.155651 -0.473054 0.201100 -0.127115 0.523984 -0.234991 0.207689 -0.391788 0.057037 -0.468369 0.200888 0.320404 0.765726 0.044809 -0.110941
